Header here
1556648006.9582453: 6,-06.695,-07.132,+00.000687,-00.001298,+00.000517*60
1556648006.9742587: $VNYMR,+101.425,+002.907,+043.030,-00.1010,+00.1844,+00.4179,+00.474,-06.689,-07.144,+00.001428,+00.000440,-00.001039*63
1556648006.9862046: $VNYMR,+101.423,+002.906,+043.028,-00.0977,+00.1868,+00.4140,+00.515,-06.679,-07.159,-00.003908,-00.000811,-00.001104*6F
1556648006.9902246: $VNYMR,+101.422,+002.906,+043.027,-00.1011,+00.1819,+00.4125,+00.523,-06.663,-07.168,-00.000016,+00.000261,+00.001590*61
1556648007.0021825: $VNYMR,+101.423,+002.906,+043.028,-00.1008,+00.1931,+00.4178,+00.531,-06.683,-07.137,-00.000895,-00.001290,+00.000828*66
1556648007.006178: $VNYMR,+101.421,+002.907,+043.028,-00.0965,+00.1881,+00.4168,+00.554,-06.701,-07.134,+00.007624,+00.004185,-00.002350*67
1556648007.0141659: $VNYMR,+101.419,+002.907,+043.031,-00.0988,+00.1868,+00.4112,+00.568,-06.677,-07.138,-00.005456,-00.003465,+00.000136*61
1556648007.0181985: $VNYMR,+101.419,+002.907,+043.031,-00.1010,+00.1906,+00.4097,+00.513,-06.666,-07.155,+00.003110,+00.000964,+00.001691*6F
1556648007.02618: $VNYMR,+101.419,+002.906,+043.028,-00.1021,+00.1881,+00.4137,+00.505,-06.681,-07.171,-00.000434,-00.000000,+00.001229*65
1556648007.0301726: $VNYMR,+101.420,+002.906,+043.030,-00.0999,+00.1893,+00.4111,+00.541,-06.685,-07.115,+00.001066,+00.000111,+00.000588*62
1556648007.0421546: $VNYMR,+101.419,+002.906,+043.030,-00.1000,+00.1782,+00.4195,+00.508,-06.648,-07.151,-00.001270,+00.001725,+00.000603*6C
1556648007.0461497: $VNYMR,+101.419,+002.907,+043.031,-00.1000,+00.1819,+00.4126,+00.467,-06.633,-07.148,+00.001345,+00.000068,+00.001290*64
1556648007.050117: $VNYMR,+101.416,+002.907,+043.026,-00.1000,+00.1831,+00.4139,+00.450,-06.648,-07.138,-00.001218,-00.000578,-00.001426*66
1556648007.054113: $VNYMR,+101.416,+002.907,+043.028,-00.0976,+00.1893,+00.4153,+00.474,-06.660,-07.083,-00.001564,-00.000364,-00.001067*6E
1556648007.0621302: $VNYMR,+101.414,+002.905,+043.027,-00.0998,+00.1943,+00.4124,+00.468,-06.641,-07.156,+00.004245,+00.001773,+00.001961*61
1556648007.066127: $VNYMR,+101.413,+002.905,+043.029,-00.1010,+00.1856,+00.4166,+00.429,-06.654,-07.133,-00.005351,-00.002635,+00.001653*6A
1556648007.0741205: $VNYMR,+101.413,+002.904,+043.027,-00.0987,+00.1906,+00.4152,+00.441,-06.669,-07.134,+00.003357,+00.001090,-00.001541*6B
1556648007.0781066: $VNYMR,+101.410,+002.904,+043.028,-00.0988,+00.1831,+00.4167,+00.488,-06.654,-07.139,-00.001062,+00.000913,-00.001008*67
1556648007.0821042: $VNYMR,+101.408,+002.903,+043.027,-00.1023,+00.1794,+00.4098,+00.494,-06.663,-07.192,+00.001831,-00.000059,+00.001317*64
1556648007.0900967: $VNYMR,+101.409,+002.904,+043.029,-00.0988,+00.1881,+00.4112,+00.516,-06.693,-07.137,-00.001269,-00.000964,-00.000169*6C
1556648007.094087: $VNYMR,+101.411,+002.904,+043.030,-00.1033,+00.1844,+00.4138,+00.526,-06.698,-07.114,+00.002435,+00.000714,-00.001200*65
1556648007.0980604: $VNYMR,+101.412,+002.904,+043.029,-00.0999,+00.1881,+00.4152,+00.562,-06.704,-07.149,-00.003092,-00.002139,+00.002139*60
1556648007.1140327: $VNYMR,+101.409,+002.903,+043.029,-00.1000,+00.1844,+00.4139,+00.550,-06.695,-07.163,-00.000390,-00.000473,+00.000870*6C
1556648007.1220233: $VNYMR,+101.408,+002.903,+043.028,-00.1011,+00.1844,+00.4125,+00.536,-06.695,-07.134,+00.003631,+00.001478,-00.000936*61
1556648007.1260183: $VNYMR,+101.409,+002.904,+043.030,-00.0988,+00.1868,+00.4153,+00.554,-06.677,-07.134,+00.001666,+00.001023,-00.000361*63
1556648007.134034: $VNYMR,+101.410,+002.904,+043.028,-00.0978,+00.1856,+00.4113,+00.538,-06.657,-07.157,-00.001395,+00.000017,+00.001087*6C
1556648007.138: $VNYMR,+101.410,+002.906,+043.033,-00.1000,+00.1856,+00.4098,+00.506,-06.672,-07.105,-00.001371,-00.000257,+00.001261*6C
1556648007.1420267: $VNYMR,+101.407,+002.905,+043.029,-00.0990,+00.1793,+00.4113,+00.480,-06.667,-07.199,+00.004971,+00.002250,-00.002884*67
1556648007.1539795: $VNYMR,+101.406,+002.905,+043.031,-00.0989,+00.1831,+00.4140,+00.514,-06.652,-07.138,-00.003538,-00.002076,+00.000890*66
1556648007.1619966: $VNYMR,+101.404,+002.905,+043.030,-00.1010,+00.1893,+00.4138,+00.468,-06.649,-07.159,+00.003138,+00.000752,+00.001320*6B
1556648007.1659627: $VNYMR,+101.405,+002.905,+043.032,-00.0976,+00.1905,+00.4139,+00.441,-06.658,-07.165,+00.000183,-00.000276,-00.000805*66
1556648007.1699579: $VNYMR,+101.404,+002.904,+043.031,-00.1000,+00.1831,+00.4153,+00.462,-06.683,-07.191,-00.000938,-00.000357,-00.000855*63
1556648007.177947: $VNYMR,+101.403,+002.904,+043.033,-00.0978,+00.1868,+00.4099,+00.472,-06.637,-07.140,+00.001695,+00.001339,+00.000343*62
1556648007.181942: $VNYMR,+101.404,+002.904,+043.032,-00.0990,+00.1806,+00.4086,+00.445,-06.676,-07.159,+00.001554,+00.000257,-00.000289*6A
1556648007.1859362: $VNYMR,+101.403,+002.905,+043.033,-00.1022,+00.1832,+00.4166,+00.461,-06.675,-07.152,-00.000831,-00.000261,-00.001196*6C
1556648007.1939528: $VNYMR,+101.404,+002.905,+043.033,-00.1010,+00.1856,+00.4152,+00.518,-06.692,-07.143,+00.000923,+00.000953,-00.001436*6E
1556648007.1979516: $VNYMR,+101.403,+002.905,+043.031,-00.1010,+00.1881,+00.4152,+00.525,-06.664,-07.154,-00.001078,-00.000898,+00.000728*6B
1556648007.1979516: $VNYMR,+101.
1556648007.2019439: $VNYMR,+101.402,+002.906,+043.033,-00.0998,+00.1931,+00.4138,+00.527,-06.693,-07.140,-00.000949,+00.000375,+00.000044*63
1556648007.2059097: $VNYMR,+101.402,+002.908,+043.034,-00.0987,+00.1869,+00.4194,+00.540,-06.693,-07.170,+00.002797,+00.002093,-00.000790*64
1556648007.2138996: $VNYMR,+101.400,+002.906,+043.032,-00.1010,+00.1832,+00.4180,+00.543,-06.646,-07.171,-00.000830,-00.001093,+00.002681*6F
1556648007.2179205: $VNYMR,+101.399,+002.907,+043.035,-00.1011,+00.1831,+00.4153,+00.500,-06.670,-07.160,+00.001331,-00.000022,+00.001609*65
1556648007.2218997: $VNYMR,+101.400,+002.907,+043.033,-00.0979,+00.1818,+00.4086,+00.479,-06.673,-07.159,-00.001707,-00.000582,-00.001030*64
1556648007.2298777: $VNYMR,+101.401,+002.909,+043.034,-00.1033,+00.1819,+00.4165,+00.491,-06.648,-07.148,+00.002422,+00.003566,-00.002060*61
1556648007.2339041: $VNYMR,+101.402,+002.908,+043.031,-00.1010,+00.1881,+00.4165,+00.453,-06.654,-07.174,-00.003934,-00.001748,+00.000819*6F
1556648007.2378662: $VNYMR,+101.403,+002.909,+043.032,-00.1033,+00.1832,+00.4165,+00.435,-06.661,-07.180,+00.001993,+00.000485,-00.000278*6F
1556648007.2458858: $VNYMR,+101.402,+002.909,+043.030,-00.0998,+00.1918,+00.4124,+00.431,-06.674,-07.136,-00.001971,-00.000278,-00.000845*68
1556648007.2498531: $VNYMR,+101.402,+002.910,+043.032,-00.1012,+00.1868,+00.4043,+00.450,-06.653,-07.132,+00.000600,+00.000338,+00.000254*69
1556648007.26583: $VNYMR,+101.399,+002.909,+043.030,-00.1021,+00.1807,+00.4207,+00.495,-06.665,-07.165,-00.003238,-00.001399,+00.001219*6D
1556648007.2698576: $VNYMR,+101.398,+002.910,+043.032,-00.0988,+00.1893,+00.4125,+00.483,-06.698,-07.159,+00.002206,-00.000087,+00.000202*65
1556648007.293815: $VNYMR,+101.398,+002.910,+043.029,-00.0989,+00.1818,+00.4113,+00.497,-06.677,-07.146,+00.000032,+00.000578,-00.001196*6F
1556648007.3177614: $VNYMR,+101.397,+002.909,+043.030,-00.1001,+00.1781,+00.4099,+00.534,-06.665,-07.147,-00.002540,-00.001729,+00.001307*67
1556648007.3457224: $VNYMR,+101.395,+002.909,+043.030,-00.1022,+00.1831,+00.4152,+00.539,-06.704,-07.156,+00.001031,+00.000573,+00.000732*62
1556648007.3697195: $VNYMR,+101.396,+002.910,+043.032,-00.0967,+00.1806,+00.4169,+00.563,-06.703,-07.119,+00.000454,+00.000450,-00.000171*6C
1556648007.3936603: $VNYMR,+101.394,+002.910,+043.030,-00.0999,+00.1856,+00.4153,+00.551,-06.699,-07.163,+00.000375,+00.000916,-00.000340*64
1556648007.4176536: $VNYMR,+101.393,+002.910,+043.031,-00.1000,+00.1831,+00.4126,+00.551,-06.662,-07.121,-00.003127,-00.001985,+00.001178*68
1556648007.4456165: $VNYMR,+101.393,+002.911,+043.031,-00.1009,+00.1906,+00.4151,+00.513,-06.676,-07.121,+00.003088,+00.000529,-00.000242*64
1556648007.4695766: $VNYMR,+101.392,+002.910,+043.030,-00.1009,+00.1881,+00.4179,+00.504,-06.661,-07.185,-00.000470,-00.000188,-00.001815*69
1556648007.4935591: $VNYMR,+101.391,+002.909,+043.030,-00.1000,+00.1819,+00.4126,+00.534,-06.647,-07.191,-00.002173,+00.000028,+00.000643*61
1556648007.5175235: $VNYMR,+101.391,+002.911,+043.030,-00.1012,+00.1831,+00.4098,+00.474,-06.632,-07.118,+00.001885,+00.000335,+00.002616*6B
1556648007.5454843: $VNYMR,+101.392,+002.910,+043.028,-00.1023,+00.1831,+00.4084,+00.431,-06.666,-07.176,-00.000708,-00.000629,+00.000535*64
1556648007.5694225: $VNYMR,+101.396,+002.911,+043.031,-00.0987,+00.1893,+00.4153,+00.463,-06.642,-07.132,-00.000429,+00.000531,-00.001047*66
1556648007.5934227: $VNYMR,+101.395,+002.910,+043.030,-00.0956,+00.1843,+00.4128,+00.453,-06.645,-07.152,+00.000882,+00.000015,+00.001502*60
1556648007.6173904: $VNYMR,+101.392,+002.910,+043.030,-00.0999,+00.1905,+00.4084,+00.422,-06.661,-07.125,+00.001373,+00.000219,+00.000870*63
1556648007.645322: $VNYMR,+101.390,+002.909,+043.031,-00.0989,+00.1843,+00.4085,+00.433,-06.677,-07.143,-00.001212,-00.001123,-00.001258*66
1556648007.6693199: $VNYMR,+101.390,+002.909,+043.030,-00.1000,+00.1881,+00.4098,+00.496,-06.632,-07.163,+00.000336,+00.001379,-00.000506*66
1556648007.6932874: $VNYMR,+101.393,+002.909,+043.031,-00.1000,+00.1794,+00.4181,+00.482,-06.676,-07.140,-00.000891,-00.000473,+00.000657*69
1556648007.7172546: $VNYMR,+101.392,+002.908,+043.031,-00.0999,+00.1881,+00.4166,+00.500,-06.694,-07.146,-00.000069,-00.000578,+00.000056*60
1556648007.7452154: $VNYMR,+101.392,+002.909,+043.032,-00.1000,+00.1843,+00.4126,+00.513,-06.728,-07.120,-00.000103,-00.000181,-00.001069*60
1556648007.7691844: $VNYMR,+101.392,+002.908,+043.031,-00.1000,+00.1806,+00.4167,+00.547,-06.663,-07.142,-00.000908,+00.000347,+00.000728*65
1556648007.7931259: $VNYMR,+101.392,+002.908,+043.031,-00.1000,+00.1831,+00.4112,+00.545,-06.687,-07.157,-00.001471,-00.000934,+00.001186*66
1556648007.8170962: $VNYMR,+101.391,+002.908,+043.030,-00.1045,+00.1806,+00.4097,+00.500,-06.692,-07.117,-00.000280,-00.000018,-00.001496*60
1556648007.845084: $VNYMR,+101.392,+002.908,+043.032,-00.0988,+00.1881,+00.4153,+00.533,-06.713,-07.139,+00.003483,+00.001830,-00.001573*65
1556648007.8690245: $VNYMR,+101.391,+002.907,+043.032,-00.1022,+00.1831,+00.4138,+00.549,-06.659,-07.109,-00.003773,-00.000786,+00.001762*6D
1556648007.8929932: $VNYMR,+101.390,+002.908,+043.034,-00.1011,+00.1831,+00.4166,+00.497,-06.671,-07.107,-00.001293,-00.000057,+00.001039*63
1556648007.9169612: $VNYMR,+101.389,+002.906,+043.030,-00.1009,+00.1931,+00.4151,+00.490,-06.661,-07.170,+00.000384,-00.000716,-00.001445*60
1556648007.944948: $VNYMR,+101.389,+002.907,+043.031,-00.0999,+00.1856,+00.4166,+00.496,-06.646,-07.157,+00.001401,+00.001089,-00.000532*6E
1556648007.968889: $VNYMR,+101.388,+002.907,+043.033,-00.0988,+00.1856,+00.4140,+00.483,-06.658,-07.140,+00.001466,+00.000366,+00.001174*67
1556648007.9928846: $VNYMR,+101.386,+002.908,+043.034,-00.0978,+00.1831,+00.4141,+00.437,-06.672,-07.155,+00.001252,-00.000975,-00.000331*66
1556648008.0168254: $VNYMR,+101.385,+002.907,+043.033,-00.1000,+00.1831,+00.4112,+00.428,-06.655,-07.188,+00.001707,+00.001830,-00.000841*69
1556648008.0448165: $VNYMR,+101.385,+002.905,+043.030,-00.0989,+00.1856,+00.4112,+00.472,-06.638,-07.164,-00.001728,-00.000692,+00.001844*6E
1556648008.068786: $VNYMR,+101.384,+002.906,+043.034,-00.1001,+00.1794,+00.4126,+00.478,-06.652,-07.128,+00.004041,+00.000475,+00.000730*63
1556648008.0927255: $VNYMR,+101.381,+002.906,+043.032,-00.0975,+00.1968,+00.4138,+00.445,-06.683,-07.137,-00.000468,-00.000798,-00.001410*68
1556648008.1167226: $VNYMR,+101.381,+002.907,+043.036,-00.0989,+00.1818,+00.4113,+00.491,-06.660,-07.124,-00.001292,+00.000740,-00.002709*6E
1556648008.1446838: $VNYMR,+101.383,+002.905,+043.032,-00.1010,+00.1881,+00.4152,+00.528,-06.682,-07.158,+00.002746,-00.000049,+00.001805*64
1556648008.1686234: $VNYMR,+101.383,+002.906,+043.032,-00.1000,+00.1868,+00.4084,+00.489,-06.708,-07.180,-00.004670,-00.001154,+00.001502*65
1556648008.1925933: $VNYMR,+101.381,+002.907,+043.034,-00.1011,+00.1843,+00.4084,+00.522,-06.722,-07.136,+00.004792,+00.001007,-00.001035*61
1556648008.2165594: $VNYMR,+101.382,+002.907,+043.035,-00.1000,+00.1819,+00.4153,+00.557,-06.668,-07.161,+00.000797,+00.001831,-00.000477*67
1556648008.2445223: $VNYMR,+101.384,+002.908,+043.035,-00.0999,+00.1881,+00.4152,+00.535,-06.692,-07.162,-00.003551,-00.001777,+00.001438*6E
1556648008.2685275: $VNYMR,+101.385,+002.908,+043.035,-00.1011,+00.1831,+00.4139,+00.513,-06.673,-07.167,+00.000869,-00.000138,-00.001009*60
1556648008.2924867: $VNYMR,+101.384,+002.908,+043.035,-00.1022,+00.1844,+00.4138,+00.519,-06.690,-07.154,+00.001162,+00.001483,-00.001175*6E
1556648008.320427: $VNYMR,+101.385,+002.908,+043.035,-00.0988,+00.1868,+00.4112,+00.544,-06.631,-07.153,+00.002028,+00.000684,+00.000349*67
1556648008.3443902: $VNYMR,+101.386,+002.908,+043.036,-00.0999,+00.1905,+00.4111,+00.503,-06.645,-07.143,+00.000401,-00.000175,+00.002940*6C
1556648008.3683553: $VNYMR,+101.387,+002.908,+043.036,-00.1011,+00.1819,+00.4139,+00.464,-06.639,-07.101,-00.000030,-00.000074,-00.000608*69
1556648008.392326: $VNYMR,+101.388,+002.907,+043.035,-00.1001,+00.1806,+00.4126,+00.467,-06.654,-07.162,-00.000865,-00.000717,-00.000262*64
1556648008.4203162: $VNYMR,+101.388,+002.906,+043.034,-00.1022,+00.1844,+00.4138,+00.467,-06.651,-07.118,-00.001140,-00.001419,+00.000892*64
1556648008.444287: $VNYMR,+101.392,+002.908,+043.036,-00.1011,+00.1856,+00.4125,+00.445,-06.687,-07.140,+00.001729,-00.000426,-00.000324*68
1556648008.4682462: $VNYMR,+101.392,+002.908,+043.036,-00.0999,+00.1856,+00.4153,+00.447,-06.673,-07.171,-00.000673,+00.000122,-00.001993*63
1556648008.4921913: $VNYMR,+101.391,+002.907,+043.036,-00.1023,+00.1819,+00.4111,+00.459,-06.676,-07.129,+00.001898,-00.000007,-00.000025*65
1556648008.5161905: $VNYMR,+101.391,+002.907,+043.036,-00.1010,+00.1869,+00.4152,+00.482,-06.666,-07.104,-00.000862,-00.001841,+00.001677*62
1556648008.544121: $VNYMR,+101.392,+002.907,+043.039,-00.1021,+00.1881,+00.4137,+00.466,-06.673,-07.118,+00.001555,-00.000225,-00.000208*66
1556648008.5681162: $VNYMR,+101.393,+002.907,+043.037,-00.1022,+00.1806,+00.4139,+00.504,-06.660,-07.173,+00.001616,+00.001031,-00.000966*66
1556648008.592059: $VNYMR,+101.392,+002.907,+043.038,-00.0999,+00.1905,+00.4097,+00.553,-06.763,-07.190,-00.001820,+00.000849,-00.002618*65
1556648008.620049: $VNYMR,+101.395,+002.905,+043.039,-00.1032,+00.1857,+00.4165,+00.568,-06.723,-07.153,-00.000340,-00.002325,+00.006348*6A
1556648008.64399: $VNYMR,+101.398,+002.907,+043.041,-00.0988,+00.1843,+00.4153,+00.533,-06.665,-07.132,+00.002944,+00.001579,-00.000046*64
1556648008.6679854: $VNYMR,+101.396,+002.906,+043.039,-00.1022,+00.1832,+00.4165,+00.575,-06.658,-07.154,-00.000778,+00.000442,-00.001284*63
1556648008.691926: $VNYMR,+101.397,+002.908,+043.042,-00.1010,+00.1856,+00.4166,+00.535,-06.680,-07.126,-00.002992,-00.001411,+00.001437*65
1556648008.7199166: $VNYMR,+101.397,+002.908,+043.041,-00.0999,+00.1844,+00.4166,+00.511,-06.666,-07.139,+00.004361,-00.000864,-00.000338*6A
1556648008.7438545: $VNYMR,+101.399,+002.908,+043.043,-00.0988,+00.1856,+00.4153,+00.467,-06.679,-07.165,+00.001987,+00.000961,-00.001423*6D
1556648008.767825: $VNYMR,+101.398,+002.907,+043.041,-00.1021,+00.1856,+00.4165,+00.524,-06.630,-07.155,-00.002355,-00.000805,+00.000255*62
1556648008.79179: $VNYMR,+101.398,+002.908,+043.041,-00.0988,+00.1893,+00.4125,+00.469,-06.647,-07.162,+00.002673,+00.001496,+00.001793*6F
1556648008.8197799: $VNYMR,+101.398,+002.909,+043.040,-00.0987,+00.1906,+00.4139,+00.483,-06.529,-07.113,-00.008398,+00.004661,-00.003285*6C
1556648008.843721: $VNYMR,+101.397,+002.908,+043.040,-00.1012,+00.1818,+00.4085,+00.449,-06.609,-07.143,+00.011632,+00.004111,-00.000226*6D
1556648008.867717: $VNYMR,+101.396,+002.907,+043.038,-00.1022,+00.1819,+00.4125,+00.440,-06.677,-07.147,-00.008008,-00.002659,+00.001521*6C
1556648008.8916855: $VNYMR,+101.398,+002.908,+043.041,-00.1010,+00.1868,+00.4138,+00.416,-06.532,-07.060,-00.001418,+00.002634,-00.001437*6C
1556648008.9196494: $VNYMR,+101.398,+002.906,+043.040,-00.1021,+00.1868,+00.4124,+00.454,-06.619,-07.106,-00.004116,-00.001859,+00.000980*69
1556648008.9435875: $VNYMR,+101.399,+002.906,+043.038,-00.0987,+00.1869,+00.4180,+00.464,-06.641,-07.158,+00.002049,+00.001967,-00.001516*6C
1556648008.9675837: $VNYMR,+101.398,+002.905,+043.039,-00.0987,+00.1918,+00.4111,+00.483,-06.668,-07.150,-00.001159,-00.001484,+00.002554*6A
1556648008.9915366: $VNYMR,+101.397,+002.905,+043.039,-00.1022,+00.1843,+00.4084,+00.492,-06.683,-07.144,+00.000744,+00.001195,+00.000525*6A
1556648009.0195174: $VNYMR,+101.397,+002.905,+043.040,-00.1022,+00.1856,+00.4124,+00.506,-06.685,-07.154,+00.000158,+00.001195,-00.001481*63
1556648009.0434806: $VNYMR,+101.394,+002.905,+043.039,-00.0988,+00.1893,+00.4125,+00.551,-06.701,-07.168,+00.000540,+00.000394,+00.000056*68
1556648009.0674229: $VNYMR,+101.394,+002.904,+043.039,-00.0999,+00.1881,+00.4111,+00.536,-06.671,-07.134,-00.000213,-00.000350,+00.001817*66
1556648009.091391: $VNYMR,+101.394,+002.906,+043.040,-00.1022,+00.1868,+00.4056,+00.501,-06.671,-07.138,-00.000451,-00.000016,-00.000227*60
