#system_time_sec,imu_time_usec,quat1,quat2,quat3,quat4,euler1,euler2,euler3
1543952188.073853,3734934624,-0.024933,0.838348,-0.020785,0.544167,0.007714,1.989867,-0.064472
1543952188.743050,3735934610,-0.024625,0.838085,-0.020360,0.544603,0.007306,1.988866,-0.063496
1543952189.758840,3736934596,-0.024459,0.837569,-0.020246,0.545408,0.007235,1.986955,-0.063101
1543952190.776769,3737934581,-0.024494,0.837170,-0.020232,0.546019,0.007127,1.985500,-0.063150
1543952191.794964,3738934567,-0.024576,0.836985,-0.020302,0.546296,0.007133,1.984831,-0.063365
1543952192.811224,3739934553,-0.024585,0.836699,-0.020249,0.546735,0.007002,1.983787,-0.063327
1543952193.828555,3740869003,-0.024512,0.836598,-0.020251,0.546894,0.007073,1.983408,-0.063208
1543952194.844942,3741934524,-0.024689,0.836472,-0.020488,0.547070,0.007261,1.982968,-0.063765
1543952195.862320,3742934510,-0.024797,0.836547,-0.020620,0.546945,0.007375,1.983254,-0.064089
1543952196.879580,3743934496,-0.024866,0.836656,-0.020568,0.546776,0.007224,1.983661,-0.064147
1543952197.897036,3744934481,-0.024907,0.836759,-0.020679,0.546613,0.007379,1.984041,-0.064336
1543952198.914374,3745934467,-0.024852,0.836825,-0.020622,0.546517,0.007350,1.984275,-0.064180
1543952199.931864,3746934453,-0.024896,0.836971,-0.020794,0.546285,0.007607,1.984815,-0.064439
1543952200.949281,3747934439,-0.024939,0.837049,-0.020720,0.546167,0.007446,1.985104,-0.064429
1543952201.966588,3748934424,-0.024898,0.837088,-0.020663,0.546110,0.007401,1.985243,-0.064298
1543952202.983985,3749934410,-0.024804,0.837060,-0.020498,0.546163,0.007222,1.985131,-0.063960
1543952204.001619,3750934396,-0.024820,0.837078,-0.020585,0.546132,0.007352,1.985198,-0.064082
1543952205.018986,3751934382,-0.024962,0.837316,-0.020849,0.545751,0.007669,1.986084,-0.064605
1543952206.036359,3752934367,-0.024836,0.837214,-0.020665,0.545920,0.007486,1.985697,-0.064196
1543952207.053711,3753934353,-0.024649,0.837149,-0.020447,0.546037,0.007316,1.985438,-0.063645
1543952208.070991,3754934339,-0.024620,0.836840,-0.020383,0.546514,0.007205,1.984304,-0.063529
1543952209.088109,3755934325,-0.024708,0.836717,-0.020518,0.546693,0.007319,1.983865,-0.063827
1543952210.105606,3756934310,-0.024939,0.836969,-0.020811,0.546285,0.007589,1.984814,-0.064530
1543952211.122787,3757934296,-0.025086,0.837342,-0.020813,0.545706,0.007476,1.986195,-0.064774
1543952212.139947,3758934282,-0.024998,0.837487,-0.020708,0.545493,0.007413,1.986713,-0.064509
1543952213.157120,3759934268,-0.024955,0.837608,-0.020575,0.545313,0.007251,1.987153,-0.064292
1543952214.174544,3760934253,-0.024735,0.837269,-0.020449,0.545848,0.007240,1.985889,-0.063789
1543952215.191804,3761934239,-0.024826,0.837333,-0.020532,0.545742,0.007287,1.986133,-0.064031
1543952216.209163,3762934225,-0.024907,0.837468,-0.020715,0.545525,0.007522,1.986635,-0.064365
1543952217.226398,3763934211,-0.024881,0.837534,-0.020642,0.545428,0.007436,1.986874,-0.064240
1543952218.243629,3764934196,-0.024994,0.837683,-0.020857,0.545185,0.007691,1.987434,-0.064664
1543952219.260875,3765934182,-0.024885,0.837704,-0.020634,0.545167,0.007438,1.987497,-0.064236
1543952220.278225,3766934168,-0.024923,0.837831,-0.020672,0.544968,0.007474,1.987969,-0.064340
1543952221.295187,3767934154,-0.024915,0.837942,-0.020691,0.544797,0.007528,1.988374,-0.064346
1543952222.312212,3768934139,-0.024872,0.837954,-0.020804,0.544777,0.007766,1.988412,-0.064397
1543952223.329299,3769934125,-0.025012,0.838162,-0.020803,0.544450,0.007636,1.989191,-0.064628
1543952224.346650,3770934111,-0.024953,0.838261,-0.020792,0.544300,0.007694,1.989549,-0.064515
1543952225.363721,3771934096,-0.025023,0.838559,-0.020871,0.543836,0.007786,1.990649,-0.064714
1543952226.380871,3772934083,-0.025216,0.839084,-0.021059,0.543009,0.007955,1.992602,-0.065236
1543952227.398135,3773934068,-0.024930,0.838890,-0.020741,0.543333,0.007708,1.991857,-0.064413
1543952228.415579,3774934054,-0.024423,0.838152,-0.020186,0.544515,0.007241,1.989090,-0.062967
1543952229.432942,3775934039,-0.024518,0.837831,-0.020254,0.545002,0.007214,1.987924,-0.063205
1543952230.450253,3776934025,-0.024630,0.837688,-0.020192,0.545219,0.006972,1.987410,-0.063327
1543952231.467595,3777934011,-0.024831,0.837700,-0.020586,0.545177,0.007416,1.987477,-0.064093
1543952232.485025,3778933997,-0.024905,0.837688,-0.020609,0.545191,0.007372,1.987440,-0.064242
1543952233.502432,3779933982,-0.024869,0.837614,-0.020559,0.545309,0.007319,1.987165,-0.064130
1543952234.519758,3780933968,-0.024580,0.837094,-0.020188,0.546134,0.006950,1.985229,-0.063246
1543952235.537172,3781933954,-0.024733,0.836940,-0.020270,0.546359,0.006902,1.984684,-0.063594
1543952236.554689,3782933940,-0.024836,0.836990,-0.020498,0.546269,0.007178,1.984878,-0.064015
1543952237.572152,3783933925,-0.025080,0.837269,-0.020710,0.545824,0.007301,1.985923,-0.064651
1543952238.589612,3784933911,-0.025187,0.837615,-0.020894,0.545279,0.007534,1.987205,-0.065029
1543952239.607033,3785933897,-0.025017,0.837668,-0.020648,0.545215,0.007313,1.987381,-0.064473
1543952240.624397,3786933883,-0.024932,0.837689,-0.020418,0.545195,0.007022,1.987448,-0.064080
1543952241.641665,3787933868,-0.024951,0.837692,-0.020677,0.545180,0.007437,1.987462,-0.064394
1543952242.658755,3788933854,-0.024957,0.837792,-0.020610,0.545029,0.007330,1.987828,-0.064329
1543952243.675988,3789933840,-0.025097,0.838087,-0.020701,0.544565,0.007364,1.988927,-0.064660
1543952244.693214,3790933826,-0.024956,0.838064,-0.020558,0.544612,0.007275,1.988826,-0.064267
1543952245.710671,3791933811,-0.024927,0.838002,-0.020450,0.544714,0.007118,1.988593,-0.064102
1543952246.727937,3792933797,-0.024970,0.838112,-0.020594,0.544537,0.007325,1.989002,-0.064330
1543952247.745538,3793933783,-0.025110,0.838285,-0.020848,0.544254,0.007621,1.989655,-0.064839
1543952248.762892,3794933769,-0.025131,0.838500,-0.020712,0.543927,0.007394,1.990445,-0.064724
1543952249.780409,3795933754,-0.024853,0.838335,-0.020370,0.544207,0.007103,1.989808,-0.063886
1543952250.797896,3796933740,-0.024836,0.838159,-0.020335,0.544481,0.007043,1.989158,-0.063822
1543952251.815345,3797933726,-0.024900,0.838267,-0.020560,0.544302,0.007363,1.989565,-0.064173
1543952252.832618,3798933711,-0.025122,0.838481,-0.020759,0.543955,0.007482,1.990376,-0.064760
1543952253.850208,3799933697,-0.025108,0.838818,-0.020779,0.543435,0.007570,1.991611,-0.064753
1543952254.867645,3800933683,-0.024889,0.838722,-0.020460,0.543606,0.007260,1.991233,-0.064040
1543952255.885212,3801933669,-0.024969,0.838886,-0.020535,0.543345,0.007319,1.991846,-0.064253
1543952256.902668,3802933654,-0.024963,0.838799,-0.020436,0.543484,0.007149,1.991524,-0.064137
