New Session at Start Time: 1542189664 
New Session at Start Time: 1542189810 
0.0  2308223728 0.202001 -0.823106 0.195384 0.493475   :   0.548032 -2.107759 -0.164893
0.10172724723815918  2308323705 0.202451 -0.823490 0.195270 0.492695   :   0.548137 -2.110018 -0.166467
0.20348525047302246  2308423703 0.202071 -0.823441 0.195253 0.492938   :   0.547760 -2.109243 -0.165566
0.30518269538879395  2308523704 0.202103 -0.823850 0.194293 0.492622   :   0.545981 -2.110466 -0.166906
0.40604496002197266  2308623702 0.203078 -0.824070 0.193541 0.492148   :   0.545530 -2.112371 -0.169976
0.5076415538787842  2308723703 0.203663 -0.824235 0.193063 0.491817   :   0.545199 -2.113644 -0.171880
0.6083984375  2308823701 0.204007 -0.824454 0.192354 0.491585   :   0.544217 -2.114655 -0.173489
0.7110984325408936  2308923702 0.204242 -0.824764 0.191453 0.491320   :   0.542763 -2.115777 -0.175110
0.8119661808013916  2309023701 0.205012 -0.824771 0.190908 0.491199   :   0.542542 -2.116591 -0.177292
0.9136795997619629  2309123702 0.206104 -0.824585 0.190551 0.491194   :   0.543021 -2.117154 -0.179819
1.0152842998504639  2309223701 0.206173 -0.824980 0.189255 0.491001   :   0.540689 -2.118161 -0.181480
1.1162843704223633  2309323699 0.206712 -0.824997 0.189448 0.490673   :   0.541526 -2.119149 -0.182565
1.217010736465454  2309423700 0.206648 -0.825092 0.189550 0.490500   :   0.541607 -2.119539 -0.182455
1.3187472820281982  2309523698 0.206336 -0.825206 0.189657 0.490399   :   0.541458 -2.119643 -0.181802
1.420470952987671  2309623698 0.206230 -0.825363 0.189505 0.490237   :   0.541035 -2.120079 -0.181872
1.5213022232055664  2309723697 0.205942 -0.825536 0.189455 0.490086   :   0.540614 -2.120382 -0.181470
1.6230130195617676  2309823697 0.205896 -0.825607 0.189360 0.490023   :   0.540379 -2.120563 -0.181526
1.7246251106262207  2309923696 0.205224 -0.825709 0.189471 0.490090   :   0.539903 -2.120092 -0.180043
1.826026201248169  2310023696 0.203866 -0.826046 0.189188 0.490199   :   0.538007 -2.119401 -0.177609
1.9266185760498047  2310123696 0.204599 -0.825946 0.189431 0.489967   :   0.539158 -2.120190 -0.178949
2.0283796787261963  2310223695 0.205171 -0.825826 0.190011 0.489706   :   0.540749 -2.120873 -0.179636
2.1303248405456543  2310323694 0.205051 -0.825913 0.189686 0.489735   :   0.540039 -2.120872 -0.179729
2.2310304641723633  2310423694 0.205778 -0.825858 0.188994 0.489790   :   0.539540 -2.121257 -0.181850
2.332764148712158  2310523695 0.206231 -0.825759 0.188838 0.489828   :   0.539730 -2.121385 -0.182877
2.4345052242279053  2310623692 0.206553 -0.825567 0.189146 0.489896   :   0.540639 -2.121220 -0.183132
2.5353169441223145  2310723691 0.206744 -0.825459 0.189020 0.490046   :   0.540639 -2.120949 -0.183534
2.6369473934173584  2310823692 0.207016 -0.825398 0.188743 0.490141   :   0.540437 -2.120907 -0.184295
2.7376768589019775  2310923691 0.207285 -0.825355 0.188291 0.490274   :   0.539919 -2.120824 -0.185207
2.8395066261291504  2311023692 0.207529 -0.825284 0.188274 0.490297   :   0.540146 -2.120865 -0.185688
2.940809965133667  2311123689 0.207317 -0.825366 0.187805 0.490429   :   0.539100 -2.120609 -0.185676
3.0426430702209473  2311223689 0.207257 -0.825537 0.187182 0.490404   :   0.537898 -2.120873 -0.186239
3.1433799266815186  2311323688 0.207648 -0.825298 0.187323 0.490587   :   0.538599 -2.120495 -0.186724
3.2450850009918213  2311423688 0.208434 -0.824952 0.187691 0.490696   :   0.540106 -2.120379 -0.187797
3.346721649169922  2311523688 0.208624 -0.825162 0.186719 0.490633   :   0.538515 -2.120959 -0.189246
3.4475584030151367  2311623686 0.209245 -0.824901 0.186968 0.490711   :   0.539630 -2.120903 -0.190143
3.549182176589966  2311723687 0.209492 -0.824721 0.187442 0.490728   :   0.540754 -2.120785 -0.190112
3.651021957397461  2311823685 0.209339 -0.824810 0.187464 0.490635   :   0.540614 -2.120962 -0.189857
3.7516093254089355  2311923686 0.209113 -0.824982 0.187075 0.490590   :   0.539661 -2.121130 -0.189859
3.853754997253418  2312023686 0.208950 -0.825057 0.186853 0.490619   :   0.539093 -2.121071 -0.189752
3.9553415775299072  2312123684 0.208875 -0.824940 0.187049 0.490772   :   0.539409 -2.120575 -0.189289
4.05648946762085  2312223684 0.208455 -0.824757 0.187163 0.491216   :   0.539284 -2.119222 -0.188027
4.158074617385864  2312323684 0.207180 -0.824844 0.187252 0.491574   :   0.538206 -2.117779 -0.185180
4.2589380741119385  2312423683 0.207272 -0.824662 0.187731 0.491659   :   0.539192 -2.117419 -0.184790
4.359764099121094  2312523683 0.206984 -0.824377 0.188401 0.492002   :   0.540191 -2.116174 -0.183263
4.461583137512207  2312623682 0.206605 -0.824459 0.188424 0.492014   :   0.539842 -2.115991 -0.182489
4.5633134841918945  2312723681 0.207884 -0.824429 0.187685 0.491809   :   0.539776 -2.117276 -0.185930
4.664268255233765  2312823680 0.207974 -0.824279 0.188126 0.491853   :   0.540682 -2.117037 -0.185603
4.766132354736328  2312923682 0.207420 -0.824166 0.189108 0.491900   :   0.541909 -2.116347 -0.183435
4.867752313613892  2313023680 0.207328 -0.824064 0.190056 0.491744   :   0.543507 -2.116369 -0.182350
4.968579292297363  2313058144 0.207765 -0.824056 0.190104 0.491554   :   0.544007 -2.117013 -0.183292
5.070317029953003  2313223680 0.208207 -0.824020 0.190025 0.491459   :   0.544301 -2.117459 -0.184313
5.171910047531128  2313323678 0.208840 -0.823984 0.189737 0.491361   :   0.544409 -2.118063 -0.185935
5.272759437561035  2313423678 0.209351 -0.823844 0.189341 0.491531   :   0.544254 -2.117958 -0.187238
5.374810218811035  2313523676 0.209786 -0.823851 0.188221 0.491764   :   0.542715 -2.117922 -0.189119
5.4756550788879395  2313623677 0.210736 -0.823687 0.187325 0.491974   :   0.542114 -2.118055 -0.191784
5.577406167984009  2313723676 0.211546 -0.823299 0.187651 0.492153   :   0.543589 -2.117782 -0.192900
5.678365468978882  2313823676 0.210883 -0.823235 0.187966 0.492423   :   0.543540 -2.116713 -0.191069
5.7801032066345215  2313923674 0.211124 -0.823014 0.188518 0.492479   :   0.544809 -2.116461 -0.190911
5.8809404373168945  2314023675 0.210872 -0.822849 0.189201 0.492600   :   0.545821 -2.115801 -0.189600
5.982750415802002  2314123674 0.210697 -0.822732 0.189839 0.492627   :   0.546807 -2.115432 -0.188553
6.084445238113403  2314223673 0.210573 -0.822701 0.190022 0.492660   :   0.547020 -2.115230 -0.188091
6.185312509536743  2314323672 0.210664 -0.822668 0.190083 0.492653   :   0.547223 -2.115260 -0.188207
6.286902904510498  2314423673 0.210633 -0.822703 0.190168 0.492575   :   0.547330 -2.115420 -0.188111
6.388700485229492  2314523671 0.210718 -0.822724 0.190015 0.492561   :   0.547135 -2.115545 -0.188454
6.489658355712891  2314623672 0.209671 -0.822914 0.190428 0.492531   :   0.546793 -2.115071 -0.185978

New Session at Start Time: 1542189917 
0.0009851455688476562  2413615100, 0.207208, -0.817769, 0.199043, 0.498699,   :   0.561210, -2.094473, -0.167133,
0.10224652290344238  2413715078, 0.207097, -0.817383, 0.199548, 0.499176,   :   0.562107, -2.092950, -0.165988,
0.20398235321044922  2413815077, 0.206685, -0.817447, 0.198557, 0.499637,   :   0.559963, -2.091997, -0.165941,
0.30475378036499023  2413915076, 0.206613, -0.817206, 0.198856, 0.499941,   :   0.560489, -2.091035, -0.165234,
0.40564942359924316  2414015076, 0.205186, -0.817246, 0.198707, 0.500524,   :   0.558819, -2.089014, -0.162175,
0.5073847770690918  2414115075, 0.202899, -0.817451, 0.198966, 0.501018,   :   0.556952, -2.086730, -0.157054,
0.6090905666351318  2414215074, 0.202587, -0.817413, 0.198744, 0.501294,   :   0.556271, -2.085980, -0.156490,
0.7098269462585449  2414315074, 0.202929, -0.817328, 0.198980, 0.501199,   :   0.557045, -2.086253, -0.156958,
0.8115684986114502  2414415075, 0.203623, -0.817695, 0.198257, 0.500605,   :   0.556359, -2.088402, -0.159573,
0.9131894111633301  2414515073, 0.205534, -0.817808, 0.197128, 0.500087,   :   0.556239, -2.090977, -0.164953,
1.0149166584014893  2414615072, 0.205318, -0.817905, 0.197290, 0.499953,   :   0.556276, -2.091181, -0.164450,
1.115753412246704  2414715073, 0.204441, -0.818054, 0.198064, 0.499761,   :   0.556712, -2.091026, -0.162019,
1.2173445224761963  2414815072, 0.204324, -0.818175, 0.198356, 0.499497,   :   0.557066, -2.091556, -0.161663,
1.3191049098968506  2414915071, 0.204716, -0.818347, 0.197975, 0.499205,   :   0.556731, -2.092639, -0.163073,
1.4199228286743164  2415015072, 0.204674, -0.818624, 0.197472, 0.498968,   :   0.555728, -2.093463, -0.163731,
1.5215740203857422  2415115071, 0.204305, -0.818988, 0.196358, 0.498960,   :   0.553314, -2.093812, -0.164259,
1.6232597827911377  2415215070, 0.204859, -0.819293, 0.195020, 0.498757,   :   0.551431, -2.095113, -0.166978,
1.7241225242614746  2415315069, 0.205588, -0.819375, 0.194428, 0.498555,   :   0.551085, -2.096163, -0.169205,
1.825859546661377  2415415069, 0.206479, -0.819304, 0.194265, 0.498366,   :   0.551691, -2.097062, -0.171264,
1.9274542331695557  2415515070, 0.206057, -0.819506, 0.193803, 0.498388,   :   0.550411, -2.097032, -0.170935,
2.028282880783081  2415615067, 0.206792, -0.819041, 0.194656, 0.498515,   :   0.552763, -2.096628, -0.171332,
2.1289520263671875  2415715066, 0.206684, -0.818009, 0.195357, 0.499978,   :   0.554223, -2.092441, -0.169253,
2.2306602001190186  2415815067, 0.207102, -0.817815, 0.195854, 0.499929,   :   0.555556, -2.092522, -0.169552,
2.332406759262085  2415915067, 0.206928, -0.817667, 0.195737, 0.500289,   :   0.555234, -2.091555, -0.169074,
2.4330923557281494  2416015066, 0.207451, -0.817807, 0.194937, 0.500156,   :   0.554311, -2.092435, -0.171084,

