#system_time_sec,imu_time_usec,quat1,quat2,quat3,quat4,euler1,euler2,euler3
1543952276.491938,3822256998,0.003481,-0.601144,0.045660,-0.797827,0.049363,1.289538,-0.077213
1543952277.159139,3823256983,0.003479,-0.601160,0.045666,-0.797815,0.049374,1.289578,-0.077220
1543952278.175653,3824256969,0.003508,-0.601136,0.045700,-0.797831,0.049365,1.289519,-0.077311
1543952279.192265,3825256955,0.003462,-0.601161,0.045619,-0.797817,0.049344,1.289580,-0.077124
1543952280.208345,3826256941,0.003534,-0.601163,0.045598,-0.797816,0.049205,1.289588,-0.077176
1543952281.225178,3827256926,0.003501,-0.601118,0.045696,-0.797845,0.049372,1.289472,-0.077297
1543952282.241815,3828256912,0.003444,-0.601148,0.045651,-0.797825,0.049412,1.289545,-0.077155
1543952283.258448,3829256898,0.003445,-0.601146,0.045662,-0.797826,0.049423,1.289540,-0.077173
1543952284.275378,3830256884,0.003448,-0.601144,0.045653,-0.797828,0.049407,1.289537,-0.077162
1543952285.292111,3831256869,0.003534,-0.601109,0.045654,-0.797854,0.049267,1.289451,-0.077269
1543952286.309873,3832256855,0.003448,-0.601142,0.045654,-0.797830,0.049407,1.289531,-0.077164
1543952287.326667,3833256841,0.003523,-0.601132,0.045617,-0.797839,0.049242,1.289511,-0.077195
1543952288.343209,3834256826,0.003533,-0.601148,0.045646,-0.797825,0.049263,1.289550,-0.077252
1543952289.359664,3835256812,0.003561,-0.601186,0.045561,-0.797801,0.049119,1.289646,-0.077149
1543952290.376529,3836256798,0.003492,-0.601134,0.045666,-0.797835,0.049350,1.289513,-0.077237
1543952291.393661,3837256784,0.003351,-0.601253,0.045894,-0.797732,0.049862,1.289802,-0.077425
1543952292.410713,3838256769,0.004135,-0.601009,0.045809,-0.797918,0.048484,1.289221,-0.078246
1543952293.427519,3839256755,0.004527,-0.600964,0.045846,-0.797947,0.047897,1.289125,-0.078778
1543952294.444486,3840256741,0.011908,-0.605451,0.043533,-0.794602,0.033796,1.300802,-0.083747
1543952295.461283,3841256727,0.016114,-0.594922,0.042036,-0.802522,0.024156,1.274792,-0.086777
1543952296.478329,3842256711,0.012947,-0.604589,0.041804,-0.795335,0.029958,1.298722,-0.082282
1543952297.495318,3843256698,0.011489,-0.623270,0.040891,-0.780852,0.033036,1.345980,-0.078304
1543952298.512301,3844256683,0.011963,-0.644334,0.042075,-0.763492,0.035962,1.400485,-0.079801
1543952299.529170,3845256670,0.016950,-0.617362,0.043535,-0.785291,0.027135,1.331271,-0.089456
1543952300.546082,3846256655,0.010306,-0.659041,0.045916,-0.750633,0.045064,1.439167,-0.082695
1543952301.562871,3847256640,0.010559,-0.641910,0.044860,-0.765394,0.041440,1.394047,-0.082390
1543952302.579552,3848256627,0.008785,-0.672469,0.045288,-0.738686,0.047949,1.475124,-0.078896
1543952303.596243,3849256613,0.008853,-0.681488,0.046885,-0.730273,0.050995,1.499651,-0.080736
1543952304.613001,3850256598,0.000337,-0.614715,0.048209,-0.787275,0.058773,1.323614,-0.076528
1543952305.629815,3851256583,-0.001672,-0.598538,0.049371,-0.799570,0.061813,1.282790,-0.077173
1543952306.646662,3852256577,-0.005735,-0.459955,0.052030,-0.886398,0.058062,0.954777,-0.087220
1543952307.663541,3853256561,0.008052,-0.345670,0.038346,-0.937538,0.011412,0.706028,-0.077552
1543952308.680276,3854256546,0.010945,-0.368815,0.037237,-0.928692,0.007139,0.755791,-0.077315
1543952309.697148,3855256531,0.011984,-0.338942,0.032911,-0.940155,-0.000223,0.692034,-0.070065
1543952310.713946,3856256517,0.016367,-0.409184,0.032399,-0.911729,-0.003331,0.843832,-0.072536
1543952311.730466,3857256507,0.014453,-0.520602,0.034480,-0.852980,0.011246,1.095549,-0.073942
1543952312.747241,3858256484,0.005853,-0.692362,0.039481,-0.720446,0.046254,1.529539,-0.065107
1543952313.763974,3859256492,0.007120,-0.739991,0.039888,-0.671395,0.049493,1.666335,-0.064222
1543952314.780801,3860256477,0.004827,-0.761603,0.041369,-0.646704,0.056800,1.731874,-0.060996
1543952315.797816,3861256471,0.004805,-0.882411,0.035740,-0.469096,0.058600,2.163134,-0.042096
1543952316.814554,3862256449,0.010988,-0.737916,0.071668,-0.670987,0.091150,1.660570,-0.113102
1543952317.831303,3863256443,0.007219,-0.840522,0.049905,-0.539426,0.076177,1.997925,-0.066215
1543952318.848144,3864256421,0.011163,-0.753538,0.041982,-0.655967,0.048644,1.707269,-0.072049
1543952319.865021,3865256384,0.008764,-0.679040,0.046284,-0.732588,0.050037,1.492964,-0.079901
1543952320.881859,3866256392,0.006747,-0.799567,0.044667,-0.598875,0.063390,1.853827,-0.064463
1543952321.898454,3867256377,0.007972,-0.770840,0.045492,-0.635352,0.060040,1.760793,-0.070281
1543952322.915139,3868256372,0.008412,-0.855407,0.043793,-0.516033,0.066289,2.053985,-0.059755
1543952323.932074,3869256349,0.010930,-0.766306,0.040101,-0.641130,0.047462,1.746587,-0.068300
1543952324.949039,3870256335,0.009698,-0.727728,0.040838,-0.684580,0.046175,1.630259,-0.070161
1543952325.966269,3871256299,0.008930,-0.649719,0.039437,-0.759098,0.037698,1.414480,-0.071589
1543952326.983016,3872256285,0.007407,-0.613191,0.042874,-0.788736,0.040907,1.320086,-0.076857
1543952327.999567,3873256269,0.005121,-0.588094,0.041956,-0.807688,0.041088,1.257181,-0.073927
1543952329.016226,3874256256,0.000795,-0.588394,0.044421,-0.807353,0.051013,1.257724,-0.072821
1543952330.032905,3875256241,0.000862,-0.619523,0.045592,-0.783653,0.055168,1.335908,-0.072698
1543952331.049652,3876256228,-0.009772,-0.595795,0.039924,-0.802084,0.063291,1.276102,-0.052529
1543952332.066229,3877256240,-0.104067,-0.484670,-0.193244,-0.846712,-0.011090,1.037283,0.442442
1543952333.082810,3878256199,0.001779,-0.608171,0.045364,-0.792507,0.052382,1.307145,-0.074236
1543952334.099588,3879256185,0.010485,-0.665538,0.045909,-0.744877,0.045504,1.456533,-0.082528
1543952335.116232,3880256171,0.010176,-0.622883,0.040154,-0.781217,0.034130,1.344924,-0.075532
1543952336.133057,3881256156,0.016898,-0.604782,0.032398,-0.795552,0.012302,1.299557,-0.072055
1543952337.149986,3882256142,0.014798,-0.577546,0.035860,-0.815436,0.017289,1.231850,-0.075659
1543952338.166775,3883256128,0.007317,-0.599603,0.043468,-0.799083,0.040444,1.285883,-0.078388
1543952339.183678,3884256114,0.005703,-0.601156,0.045838,-0.797795,0.046028,1.289656,-0.080166
1543952340.200556,3885256099,0.005423,-0.601095,0.046337,-0.797814,0.047071,1.289484,-0.080633
1543952341.217341,3886256085,0.005312,-0.601107,0.046451,-0.797800,0.047386,1.289505,-0.080681
1543952342.233892,3887256071,0.005345,-0.601059,0.046525,-0.797831,0.047416,1.289386,-0.080842
1543952343.250417,3888256057,0.005336,-0.601078,0.046501,-0.797819,0.047405,1.289432,-0.080792
1543952344.267268,3889256042,0.005255,-0.601097,0.046565,-0.797801,0.047614,1.289475,-0.080797
